$ANSIBLE_VAULT;1.1;AES256
34636536646639353735633633306233616664616236643431363134346333643935643934336530
6338303830363562613761616465636233306232376233360a613265633832643661363738303234
32303538636538383638633733616334393637343434633863323031366362653936643438346639
6134373837663935630a663338393235383063383830366432616630386639356435343131313539
62616538333333646239666339313637373336623234663431333639656463376265353863363134
33393239366334396564356637616133326138326432616138666237663963396437613663393765
39616163343037323766633230663233383633333263613433366465356232663132313130613633
61656462353432363336623761326436326239333131653138643865393865613362313437363430
39656138393766316163336165646638306561623561336336643630636439363565326336633735
61633030663837333664373938626265396434663031613130353338326134626564663535316364
36333136323936663436353332646339393965356630343935396234623136333437666138346234
31343939333331393438343761353064373434313037616633663339396331613566366236656263
61383236336161306334313763346461636439326665356331383138633331626333363063356134
35636636346265633530316430346433613962386564646533343263316363663461666664333064
34623262333830343134323930636666396666373966643136326437323931653933393130326536
35313236343031353963376661333562386431343734663464623339303331656437656266333732
37396430656231356631313333663232646335373236636566383464326332353766353731666532
31623166656661643232643366386531316535623132643430666561373361336537323265376630
62613734323565313036376635346530376364666332653139323330353661346132313833653037
64373662336435373063616665333838353535643239663666633839336266333434373263633438
33666462333138616161643735363632336636656566633763353930326163613633636230303632
35646334373832383131383263363439633635366666306434396661373464613166343238343939
33333863396533376137313763313862383966323930666235393632656135386262663764643238
31656661613761633930333162373961663934383133666536613361326330666232653239623666
35653730363035376634396138323131626531386536626637396130316137666439
